AET|90| 22114.11| 7.48| 920.60| 6084.80
AET|89| 20482.91| 6.18| 1043.10| 5497.19
AET|88| 18612.11| 3.84| 375.70| 4582.20
T|90| 51209.02| 1.88| 2044.00| 14455.00
T|89| 53680.02| 0.21| 139.00| 13550.00
T|88| 56430.71| 1.37| 1556.80| 14633.20
AN|90| 20174.00| 2.65| 1360.00| 12107.00
AN|89| 18281.00| 1.46| 747.00| 11324.00
AN|88| 26922.01| 3.71| 1953.00| 11588.00
ARC|90| 16282.00| 6.68| 1224.00| 5876.00
ARC|89| 14487.00| 3.38| 615.00| 5257.00
ARC|88| 21723.00| 1.55| 202.00| 5504.00
BLS|90| 12269.10| 3.46| 1664.80| 11978.60
BLS|89| 11444.00| 3.38| 1588.70| 11261.80
BLS|88| 10663.80| 3.13| 1417.80| 10198.00
BA|90| 15355.00| 1.38| 480.00| 4987.00
BA|89| 16341.00| 1.90| 665.00| 4826.00
BA|88| 13636.00| 1.67| 566.00| 4364.00
CI|90| 16909.30| 7.25| 728.30| 4973.00
CI|89| 17064.10| 6.34| 817.30| 4625.00
CI|88| 16196.90| 12.46| 732.50| 3754.00
CMB|90| 10744.58| 11.56| 894.79| 3250.28
CMB|89| 9459.85| 6.63| 585.36| 4280.31
CMB|88| 9733.23| 6.39| 564.82| 3795.15
CHV|90| 26015.01| 2.94| 1007.00| 15780.00
CHV|89| 24351.00| 2.09| 715.00| 15493.00
CHV|88| 41742.01| 4.52| 1547.00| 15554.00
C|90| 26276.51| 5.90| 1289.70| 6502.60
C|89| 22586.30| 6.31| 1403.60| 5344.77
C|88| 21255.50| 6.25| 1635.20| 4215.30
CCI|90| 27988.01| 4.26| 1138.00| 7220.00
CCI|89| 23496.00| 3.57| 1058.00| 7695.00
CCI|88| 22504.00| 3.56| 998.00| 6550.00
DH|90| 9259.09| 2.62| 310.00| 2179.50
DH|89| 8793.32| 2.92| 283.62| 1947.35
DH|88| 8009.00| 2.68| 259.35| 1736.50
DEC|90| 9389.44| 8.53| 1137.44| 6293.47
DEC|89| 7590.32| 4.81| 617.42| 5727.79
DEC|88| 6686.29  | 3.71| 446.68| 4554.58
DOW|90| 13377.00| 4.33| 1240.00| 5769.00
DOW|89| 11113.00| 2.58| 732.00| 5168.00
DOW|88| 11537.00| 0.21| 58.00| 4792.00
DD|90| 30468.01| 2.46| 1786.00| 14007.00
DD|89| 27148.01| 2.12| 1538.00| 13137.00
DD|88| 29483.01| 1.54| 1118.00| 12422.00
EK|90| 13305.00| 3.52| 1178.00| 6013.00
EK|89| 11550.00| 1.11| 374.00| 6388.00
EK|88| 10631.00| 0.97| 332.00| 6562.00
XON|90| 76416.00| 3.43| 4840.00| 33626.01
XON|89| 69888.00| 3.71| 5360.00| 32012.01
XON|88| 86673.00| 3.23| 4870.00| 29096.01
F|90| 71643.38| 9.05| 4625.20| 18492.70
F|89| 62715.72| 6.16| 3285.10| 14859.50
F|88| 52774.31| 4.54| 2515.40| 12268.50
GTE|90| 15421.00| 1.64| 1118.82| 7759.25
GTE|89| 15111.50| 1.77| 1184.31| 7663.09
GTE|88| 15732.30| 0.32| 161.09| 6830.13
GE|90| 39315.01| 2.33| 2915.00| 16480.00
GE|89| 35211.01| 2.73| 2492.00| 15109.00
GE|88| 28285.01| 2.57| 2336.00| 13904.00
GM|90| 101781.00| 5.03| 3550.90| 32988.91
GM|89| 102813.00| 4.11| 2944.70| 30443.61
GM|88| 96371.63| 6.14| 3999.00| 29273.90
HWP|90| 8090.00  | 2.50| 644.00| 5022.00
HWP|89| 7102.00  | 2.02| 516.00| 4374.00
HWP|88| 6505.00  | 1.91| 489.00| 3982.00
IBM|90| 54217.02| 8.72| 5258.00| 38263.01
IBM|89| 51250.02| 7.81| 4789.00| 34374.01
IBM|88| 50056.01| 10.67| 6555.00| 31990.01
KM|90| 24046.00| 1.42| 582.00| 3939.00
KM|89| 22645.00| 1.21| 221.00| 3273.00
KM|88| 21303.30| 1.28| 499.10| 3233.80
LK|90| 11321.00| 6.64| 421.00| 2087.00
LK|89| 10273.00| 6.18| 408.00| 1866.00
LK|88| 9535.00| 6.10| 401.00| 1511.00
MD|90| 13146.10| 7.75| 313.00| 2969.90
MD|89| 12660.50| 6.86| 277.50| 2844.80
MD|88| 11477.60| 8.60| 345.70| 2634.60
MOB|90| 51223.02| 3.06| 1258.00| 16783.00
MOB|89| 44866.01| 3.45| 1407.00| 15239.00
MOB|88| 55960.02| 2.55| 1040.00| 14089.00
NYN|90| 12084.00| 6.26| 1276.50| 9196.50
NYN|89| 11341.50| 6.01| 1215.30| 8868.37
NYN|88| 10313.50| 5.43| 1095.30| 8348.76
JCP|90| 14740.00| 3.53| 478.00| 4340.00
JCP|89| 13747.00| 2.65| 397.00| 4051.00
JCP|88| 13451.00| 2.90| 435.00| 3812.00
PEP|90| 11485.20| 0.77| 594.80| 2508.60
PEP|89| 9290.79| 0.58| 457.80| 2059.10
PEP|88| 8056.65| 0.50| 543.69| 1837.68
MO|90| 22279.00| 1.94| 1842.00| 6823.00
MO|89| 20681.00| 1.55| 1478.00| 5655.00
MO|88| 12149.00| 1.31| 1255.00| 4737.00
P|90| 10721.00| 0.06| 35.00| 1617.00
P|89| 9786.00| 0.91| 228.00| 1724.00
P|88| 15636.00| 2.07| 418.00| 1644.00
PG|90| 17000.00| 0.47| 327.00| 5740.00
PG|89| 15439.00| 1.05| 709.00| 5704.00
PG|88| 13552.00| 0.95| 635.00| 5272.00
ROK|90| 12123.40| 2.27| 635.10| 3311.70
ROK|89| 12295.60| 2.06| 611.20| 3160.70
ROK|88| 11337.50| 2.00| 595.30| 2946.70
S|90| 48439.61| 4.35| 1649.40| 13587.60
S|89| 44281.51| 3.62| 1351.30| 12796.50
S|88| 40715.21| 3.53| 1303.30| 11543.60
TIC|90| 17459.10| 4.10| 374.40| 4594.60
TIC|89| 16046.60| 4.45| 545.80| 4505.89
TIC|88| 14434.70| 4.00| 375.20| 3752.20
WMT|90| 11909.00| 0.40| 450.09| 1690.49
WMT|89| 8451.46| 0.29| 327.47| 1277.66
WMT|88| 6400.85| 0.24| 270.77| 984.67
WX|90| 10679.00| 2.56| 738.90| 3576.60
WX|89| 10731.00| 2.21| 670.80| 3009.60
WX|88| 10700.20| 1.76| 605.30| 3234.70
